{
  "advancedEditorSelectedIdentifier" : "ProjectBrowser",
  "openSceneRelativePaths" : [
    "Scene.usda"
  ],
  "recentIdentifiers" : {
    "26DBAE76-5DD8-47B6-A085-1B4ADA111097" : [

    ]
  },
  "sceneCameraHistory" : {
    "26DBAE76-5DD8-47B6-A085-1B4ADA111097" : [
      {
        "date" : 755963446.069269,
        "title" : "Untitled",
        "transform" : [
          0.999935,
          -0.00016472027,
          0.011402694,
          0,
          0.0055521186,
          0.88041955,
          -0.47416294,
          0,
          -0.009961051,
          0.47419542,
          0.8803632,
          0,
          0.07729204,
          1.3282485,
          0.23216417,
          1
        ]
      },
      {
        "date" : 755963435.539994,
        "title" : "Untitled",
        "transform" : [
          0.99993503,
          -0.00016472014,
          0.011402694,
          0,
          0.005552115,
          0.8804196,
          -0.47416294,
          0,
          -0.009961047,
          0.4741954,
          0.8803632,
          0,
          0.27651674,
          1.332486,
          -1.0988473,
          1
        ]
      },
      {
        "date" : 755963398.465182,
        "title" : "Untitled",
        "transform" : [
          0.99993503,
          -0.00016472014,
          0.011402694,
          0,
          0.005552115,
          0.8804196,
          -0.47416294,
          0,
          -0.009961047,
          0.4741954,
          0.8803632,
          0,
          0.48691693,
          1.1890043,
          -1.3627983,
          1
        ]
      },
      {
        "date" : 755963362.209905,
        "title" : "Untitled",
        "transform" : [
          0.99993503,
          -0.00016472014,
          0.011402694,
          0,
          0.005552115,
          0.8804196,
          -0.47416294,
          0,
          -0.009961047,
          0.4741954,
          0.8803632,
          0,
          0.044529893,
          1.7470007,
          0.6539964,
          1
        ]
      },
      {
        "date" : 755963360.152253,
        "title" : "Untitled",
        "transform" : [
          0.99993503,
          -0.00016472014,
          0.011402694,
          0,
          0.005552115,
          0.8804196,
          -0.47416294,
          0,
          -0.009961047,
          0.4741954,
          0.8803632,
          0,
          -0.12879658,
          1.8212893,
          0.61202073,
          1
        ]
      },
      {
        "date" : 755963310.788778,
        "title" : "Untitled",
        "transform" : [
          0.99993503,
          -0.00016472014,
          0.011402694,
          0,
          0.005552115,
          0.8804196,
          -0.47416294,
          0,
          -0.009961047,
          0.4741954,
          0.8803632,
          0,
          0.47518408,
          1.6362953,
          -0.5371512,
          1
        ]
      },
      {
        "date" : 755963266.12448,
        "title" : "Untitled",
        "transform" : [
          0.99993503,
          -0.00016472014,
          0.011402694,
          0,
          0.005552115,
          0.8804196,
          -0.47416294,
          0,
          -0.009961047,
          0.4741954,
          0.8803632,
          0,
          0.4848141,
          1.177862,
          -1.3882506,
          1
        ]
      },
      {
        "date" : 755963250.553738,
        "title" : "Untitled",
        "transform" : [
          0.9853997,
          -0.00016472014,
          -0.17025708,
          0,
          -0.08059222,
          0.8804196,
          -0.46729672,
          0,
          0.14997463,
          0.4741954,
          0.86755186,
          0,
          0.5504631,
          1.3137561,
          -1.1760693,
          1
        ]
      },
      {
        "date" : 755963216.291475,
        "title" : "Untitled",
        "transform" : [
          0.9853997,
          -0.00016472014,
          -0.17025708,
          0,
          -0.08059222,
          0.8804196,
          -0.46729672,
          0,
          0.14997463,
          0.4741954,
          0.86755186,
          0,
          0.33515775,
          1.5938997,
          -0.66021687,
          1
        ]
      },
      {
        "date" : 755963214.361964,
        "title" : "Untitled",
        "transform" : [
          0.9853997,
          -0.00016472014,
          -0.17025708,
          0,
          -0.08059222,
          0.8804196,
          -0.46729672,
          0,
          0.14997463,
          0.4741954,
          0.86755186,
          0,
          0.3113983,
          1.5187762,
          -0.79765713,
          1
        ]
      }
    ]
  },
  "sceneViewportBackgroundColors" : {

  },
  "selectedSceneRelativePath" : "Scene.usda"
}