{
  "advancedEditorSelectedIdentifier" : "AudioMixerPluginID",
  "openSceneRelativePaths" : [
    "Scene.usda"
  ],
  "recentIdentifiers" : {
    "26DBAE76-5DD8-47B6-A085-1B4ADA111097" : [

    ]
  },
  "sceneCameraHistory" : {
    "26DBAE76-5DD8-47B6-A085-1B4ADA111097" : [
      {
        "date" : 755707149.212671,
        "title" : "Untitled",
        "transform" : [
          0.9908003,
          0.00012491872,
          0.13533156,
          0,
          0.06389493,
          0.8810935,
          -0.468606,
          0,
          -0.11929831,
          0.472942,
          0.87297976,
          0,
          0.026444376,
          1.2771388,
          -1.2360394,
          1
        ]
      },
      {
        "date" : 755707021.879558,
        "title" : "Untitled",
        "transform" : [
          0.9908003,
          0.00012491872,
          0.13533156,
          0,
          0.06389493,
          0.8810935,
          -0.468606,
          0,
          -0.11929831,
          0.472942,
          0.87297976,
          0,
          -0.6615405,
          2.1778708,
          0.6828208,
          1
        ]
      },
      {
        "date" : 755559434.19438,
        "title" : "Untitled",
        "transform" : [
          0.9956622,
          0.00012491872,
          0.093041316,
          0,
          0.04389356,
          0.8810935,
          -0.4709007,
          0,
          -0.08203693,
          0.472942,
          0.87726605,
          0,
          0.17394994,
          1.4453151,
          -1.0236453,
          1
        ]
      },
      {
        "date" : 755511879.064739,
        "title" : "Untitled",
        "transform" : [
          0.9956622,
          0.00012491872,
          0.093041316,
          0,
          0.04389356,
          0.8810935,
          -0.4709007,
          0,
          -0.08203693,
          0.472942,
          0.87726605,
          0,
          -0.028808236,
          1.6462556,
          0.27794135,
          1
        ]
      },
      {
        "date" : 755511655.722172,
        "title" : "Untitled",
        "transform" : [
          0.9956622,
          0.00012491872,
          0.093041316,
          0,
          0.04389356,
          0.8810935,
          -0.4709007,
          0,
          -0.08203693,
          0.472942,
          0.87726605,
          0,
          -0.103384316,
          1.568062,
          0.3131225,
          1
        ]
      },
      {
        "date" : 755511591.323919,
        "title" : "Untitled",
        "transform" : [
          0.9956622,
          0.00012491872,
          0.093041316,
          0,
          0.04389356,
          0.8810935,
          -0.4709007,
          0,
          -0.08203693,
          0.472942,
          0.87726605,
          0,
          0.1866597,
          1.6906129,
          -0.12033892,
          1
        ]
      },
      {
        "date" : 755511571.948588,
        "title" : "Untitled",
        "transform" : [
          0.9956622,
          0.00012491872,
          0.093041316,
          0,
          0.04389356,
          0.8810935,
          -0.4709007,
          0,
          -0.08203693,
          0.472942,
          0.87726605,
          0,
          0.24624264,
          1.3471181,
          -0.7574933,
          1
        ]
      },
      {
        "date" : 755511566.713885,
        "title" : "Untitled",
        "transform" : [
          0.9956622,
          0.00012491872,
          0.093041316,
          0,
          0.04389356,
          0.8810935,
          -0.4709007,
          0,
          -0.08203693,
          0.472942,
          0.87726605,
          0,
          0.42218795,
          1.3084416,
          -0.8883867,
          1
        ]
      },
      {
        "date" : 755511563.216979,
        "title" : "Untitled",
        "transform" : [
          0.9956622,
          0.00012491872,
          0.093041316,
          0,
          0.04389356,
          0.8810935,
          -0.4709007,
          0,
          -0.08203693,
          0.472942,
          0.87726605,
          0,
          0.4932273,
          1.2838204,
          -0.92207026,
          1
        ]
      },
      {
        "date" : 755511561.5548,
        "title" : "Untitled",
        "transform" : [
          0.9956622,
          0.00012491527,
          0.093041316,
          0,
          0.043893572,
          0.8810935,
          -0.4709007,
          0,
          -0.08203693,
          0.47294194,
          0.87726605,
          0,
          0.22665198,
          1.1930407,
          -0.2540961,
          1
        ]
      }
    ]
  },
  "sceneViewportBackgroundColors" : {

  },
  "selectedSceneRelativePath" : "Scene.usda"
}